 -------Airline Network Optimization for cargo Airlines--------BETA version
 >>>>****for testing and evalution only **** not for commercial use****<<<<

 ===========================================================================
 This program is designed and developed at 
 Aerospace Engineering Department, IIT Bombay 

 For any query/suggestion, contact - 
 Prof. Rajkumar S. Pant , LTA systems lab, rkpant@aero.iitb.ac.in
 Ajeet Singh, MTech Student(2005-2007), ajeet@aero.iitb.ac.in
 Florian Maul, Technical University of Munich, florian.maul@mytum.de
 ===========================================================================

 The Schedule is generated on :
 Fri Jun 12 13:36:02 2009
 
 ===========================================================================


 ------------------------------------------
 System Detail
 ------------------------------------------
 Aircraft	Demand	Cost	Time
   1		6.00	3.46	440.00
   2		26.00	5.00	510.00
   3		25.00	3.67	410.00
   4		27.00	11.81	540.00
   5		37.00	13.42	595.00
   6		35.00	9.92	430.00
   7		32.00	10.93	465.00
 ------------------------------------------
 Sum		188.00	58.21	3390.00

 Priority of Demand Index  	= 0.3475
 Priority of Cost Index  	= 0.5543
 Priority of Time index  	= 0.0860
 Priority of Route Prio. index 	= 0.0123

 Tons/Lakhs Rs 	= 3.2297
 Tons/Hour 	= 3.3274
 Variance QOS 	= 0.2341

 Fleet Utilization [%] 	= 59.286
 No. of OD pair served 	= 24


 --------------------------------------------------------------------------
 Network Schedule
 --------------------------------------------------------------------------
 Flight Ac     Type  Source Takeoff Destination Landing Payload	Empty	Cost
 1 	1 	737 	1 	0.00	2	45.00	2.00	13.00	0.60 
 2 	2 	737 	6 	0.00	3	75.00	4.00	11.00	1.00 
 3 	3 	737 	4 	0.00	7	80.00	15.00	0.00	1.07 
 4 	4 	757 	1 	0.00	3	105.00	8.00	15.00	3.06 
 5 	5 	757 	1 	0.00	6	60.00	14.00	9.00	1.75 
 6 	6 	757 	2 	0.00	3	95.00	9.00	14.00	2.77 
 7 	7 	757 	5 	0.00	4	120.00	10.00	13.00	3.50 
 8 	1 	737 	2 	90.00	1	135.00	2.00	13.00	0.60 
 9 	5 	757 	6 	105.00	4	230.00	16.00	7.00	3.65 
 10 	2 	737 	3 	120.00	7	180.00	4.00	11.00	0.80 
 11 	3 	737 	7 	125.00	3	185.00	13.00	2.00	0.80 
 12 	6 	757 	3 	140.00	4	260.00	23.00	0.00	3.50 
 13 	4 	757 	3 	150.00	2	245.00	10.00	13.00	2.77 
 14 	7 	757 	4 	165.00	5	285.00	20.00	3.00	3.50 
 15 	1 	737 	1 	180.00	2	225.00	0.00	15.00	0.60 
 16 	2 	737 	7 	225.00	4	305.00	6.00	9.00	1.07 
 17 	3 	737 	3 	230.00	6	305.00	8.00	7.00	1.00 
 18 	1 	737 	2 	270.00	6	335.00	2.00	13.00	0.86 
 19 	5 	757 	4 	275.00	3	395.00	13.00	10.00	3.50 
 20 	4 	757 	2 	290.00	7	415.00	9.00	14.00	3.65 
 21 	6 	757 	4 	305.00	6	430.00	4.00	19.00	3.65 
 22 	7 	757 	5 	330.00	1	465.00	12.00	11.00	3.93 
 23 	2 	737 	4 	350.00	2	510.00	14.00	1.00	2.13 
 24 	3 	737 	6 	350.00	1	410.00	2.00	13.00	0.80 
 25 	1 	737 	6 	380.00	1	440.00	0.00	15.00	0.80 
 26 	5 	757 	3 	440.00	5	595.00	10.00	13.00	4.52 
 27 	4 	757 	7 	460.00	4	540.00	7.00	16.00	2.33 
 28 	6 	757 	6 	475.00	6	475.00	0.00	0.00	0.00 
 29 	7 	757 	1 	510.00	1	510.00	0.00	0.00	0.00 
 30 	2 	737 	2 	555.00	2	555.00	0.00	0.00	0.00 

 Extra Carried demand detail -
 [ Flight Ac	Extra_Cargo for Destination ]
 [   3	  3	11.00		3	 ]
 [   5	  5	10.00		4	 ]
 [   5	  5	2.00		5	 ]
 [   6	  6	1.00		4	 ]
 [   14	  7	10.00		1	 ]
 [   16	  2	2.00		2	 ]
 [   17	  3	2.00		1	 ]
 [   20	  4	7.00		4	 ]


 --------------------------------------------------------------------------
 Aircraft Schedule
 --------------------------------------------------------------------------


 For Aircraft 1)
 --------------
 Flight Type Source Takeoff    Destination Landing Payload	Empty	Cost
 1	737	1	0.00   	2	   45.00     2.00   	13.00  	0.60    
 8	737	2	90.00  	1	   135.00    2.00   	13.00  	0.60    
 15	737	1	180.00 	2	   225.00    0.00   	15.00  	0.60    
 18	737	2	270.00 	6	   335.00    2.00   	13.00  	0.86    
 25	737	6	380.00 	1	   440.00    0.00   	15.00  	0.80    
 Utilization [%] = 43.333
 ------------------------------


 For Aircraft 2)
 --------------
 Flight Type Source Takeoff    Destination Landing Payload	Empty	Cost
 2	737	6	0.00   	3	   75.00     4.00   	11.00  	1.00    
 10	737	3	120.00 	7	   180.00    4.00   	11.00  	0.80    
 16	737	7	225.00 	4	   305.00    6.00   	9.00   	1.07    
 23	737	4	350.00 	2	   510.00    14.00  	1.00   	2.13    
 30	737	2	555.00 	2	   555.00    0.00   	0.00   	0.00    
 Utilization [%] = 62.500

 Extra Carried demand detail -
 [ Flight	Extra_Cargo for 	Destination ]
 [   16		   2.00   		   2	    ]
 ------------------------------


 For Aircraft 3)
 --------------
 Flight Type Source Takeoff    Destination Landing Payload	Empty	Cost
 3	737	4	0.00   	7	   80.00     15.00  	0.00   	1.07    
 11	737	7	125.00 	3	   185.00    13.00  	2.00   	0.80    
 17	737	3	230.00 	6	   305.00    8.00   	7.00   	1.00    
 24	737	6	350.00 	1	   410.00    2.00   	13.00  	0.80    
 Utilization [%] = 45.833

 Extra Carried demand detail -
 [ Flight	Extra_Cargo for 	Destination ]
 [   3		   11.00  		   3	    ]
 [   17		   2.00   		   1	    ]
 ------------------------------


 For Aircraft 4)
 --------------
 Flight Type Source Takeoff    Destination Landing Payload	Empty	Cost
 4	757	1	0.00   	3	   105.00    8.00   	15.00  	3.06    
 13	757	3	150.00 	2	   245.00    10.00  	13.00  	2.77    
 20	757	2	290.00 	7	   415.00    9.00   	14.00  	3.65    
 27	757	7	460.00 	4	   540.00    7.00   	16.00  	2.33    
 Utilization [%] = 67.500

 Extra Carried demand detail -
 [ Flight	Extra_Cargo for 	Destination ]
 [   20		   7.00   		   4	    ]
 ------------------------------


 For Aircraft 5)
 --------------
 Flight Type Source Takeoff    Destination Landing Payload	Empty	Cost
 5	757	1	0.00   	6	   60.00     14.00  	9.00   	1.75    
 9	757	6	105.00 	4	   230.00    16.00  	7.00   	3.65    
 19	757	4	275.00 	3	   395.00    13.00  	10.00  	3.50    
 26	757	3	440.00 	5	   595.00    10.00  	13.00  	4.52    
 Utilization [%] = 76.667

 Extra Carried demand detail -
 [ Flight	Extra_Cargo for 	Destination ]
 [   5		   10.00  		   4	    ]
 [   5		   2.00   		   5	    ]
 ------------------------------


 For Aircraft 6)
 --------------
 Flight Type Source Takeoff    Destination Landing Payload	Empty	Cost
 6	757	2	0.00   	3	   95.00     9.00   	14.00  	2.77    
 12	757	3	140.00 	4	   260.00    23.00  	0.00   	3.50    
 21	757	4	305.00 	6	   430.00    4.00   	19.00  	3.65    
 28	757	6	475.00 	6	   475.00    0.00   	0.00   	0.00    
 Utilization [%] = 56.667

 Extra Carried demand detail -
 [ Flight	Extra_Cargo for 	Destination ]
 [   6		   1.00   		   4	    ]
 ------------------------------


 For Aircraft 7)
 --------------
 Flight Type Source Takeoff    Destination Landing Payload	Empty	Cost
 7	757	5	0.00   	4	   120.00    10.00  	13.00  	3.50    
 14	757	4	165.00 	5	   285.00    20.00  	3.00   	3.50    
 22	757	5	330.00 	1	   465.00    12.00  	11.00  	3.93    
 29	757	1	510.00 	1	   510.00    0.00   	0.00   	0.00    
 Utilization [%] = 62.500

 Extra Carried demand detail -
 [ Flight	Extra_Cargo for 	Destination ]
 [   14		   10.00  		   1	    ]
 ------------------------------


 --------------------------------------------------------------------------
 Remaining Demand
 --------------------------------------------------------------------------

 0.00	 0.00	 0.00	 0.00	 0.00	 0.00	 0.00	
 0.00	 0.00	 0.00	 0.00	 2.00	 0.00	 0.00	
 6.00	 0.00	 0.00	 0.00	 0.00	 0.00	 0.00	
 0.00	 0.00	 0.00	 0.00	 0.00	 0.00	 0.00	
 0.00	 2.00	 2.00	 0.00	 0.00	 0.00	 0.00	
 0.00	 0.00	 0.00	 0.00	 0.00	 0.00	 0.00	
 0.00	 0.00	 0.00	 0.00	 0.00	 0.00	 0.00	

 --------------------------------------------------------------------------
 Remaining Demand = 12.00
 --------------------------------------------------------------------------


 --------------------------------------------------------------------------
 Frequency of operation between OD pairs
 --------------------------------------------------------------------------

 0	 2	 1	 0	 0	 1	 0	
 1	 0	 1	 0	 0	 1	 1	
 0	 1	 0	 1	 1	 1	 1	
 0	 1	 1	 0	 1	 1	 1	
 1	 0	 0	 1	 0	 0	 0	
 2	 0	 1	 1	 0	 0	 0	
 0	 0	 1	 2	 0	 0	 0	



 --------------------------------------------------------------------------
 Quality of Service between OD pairs
 --------------------------------------------------------------------------

 0.00	 2.00	 1.00	 0.00	 0.00	 1.00	 1.00	
 1.00	 0.00	 1.00	 0.00	 0.00	 1.00	 1.00	
 0.00	 1.00	 0.00	 1.00	 1.00	 1.00	 1.00	
 0.00	 1.00	 1.00	 0.00	 1.00	 1.00	 1.00	
 1.00	 0.00	 0.00	 1.00	 0.00	 1.00	 1.00	
 1.00	 1.00	 1.00	 1.00	 1.00	 0.00	 1.00	
 1.00	 0.00	 1.00	 2.00	 1.00	 1.00	 0.00	

 --------------------------------------------------------------------------ÿ