 -------Airline Network Optimization for cargo Airlines--------BETA version
 >>>>****for testing and evalution only **** not for commercial use****<<<<

 ===========================================================================
 This program is designed and developed at 
 Aerospace Engineering Department, IIT Bombay 

 For any query/suggestion, contact - 
 Prof. Rajkumar S. Pant , LTA systems lab, rkpant@aero.iitb.ac.in
 Ajeet Singh, MTech Student(2005-2007), ajeet@aero.iitb.ac.in
 Florian Maul, Technical University of Munich, florian.maul@mytum.de
 ===========================================================================

 The Schedule is generated on :
 Fri Jun 12 13:36:51 2009
 
 ===========================================================================


 ------------------------------------------
 System Detail
 ------------------------------------------
 Aircraft	Demand	Cost	Time
   1		30.00	6.00	585.00
   2		25.00	5.00	510.00
   3		23.00	5.87	575.00
   4		30.00	11.38	480.00
   5		17.00	9.77	470.00
   6		30.00	11.82	530.00
   7		32.00	10.93	465.00
 ------------------------------------------
 Sum		187.00	60.77	3615.00

 Priority of Demand Index  	= 0.1725
 Priority of Cost Index  	= 0.0000
 Priority of Time index  	= 0.4510
 Priority of Route Prio. index 	= 0.3765

 Tons/Lakhs Rs 	= 3.0772
 Tons/Hour 	= 3.1037
 Variance QOS 	= 0.3294

 Fleet Utilization [%] 	= 65.714
 No. of OD pair served 	= 22


 --------------------------------------------------------------------------
 Network Schedule
 --------------------------------------------------------------------------
 Flight Ac     Type  Source Takeoff Destination Landing Payload	Empty	Cost
 1 	1 	737 	1 	0.00	3	105.00	8.00	7.00	1.40 
 2 	2 	737 	6 	0.00	3	75.00	4.00	11.00	1.00 
 3 	3 	737 	4 	0.00	3	120.00	15.00	0.00	1.60 
 4 	4 	757 	1 	0.00	4	165.00	12.00	11.00	4.81 
 5 	5 	757 	1 	0.00	6	60.00	2.00	21.00	1.75 
 6 	6 	757 	2 	0.00	3	95.00	10.00	13.00	2.77 
 7 	7 	757 	5 	0.00	4	120.00	10.00	13.00	3.50 
 8 	5 	757 	6 	105.00	3	180.00	4.00	19.00	2.19 
 9 	2 	737 	3 	120.00	2	215.00	14.00	1.00	1.26 
 10 	6 	757 	3 	140.00	1	245.00	18.00	5.00	3.06 
 11 	1 	737 	3 	150.00	4	270.00	15.00	0.00	1.60 
 12 	3 	737 	3 	165.00	6	240.00	6.00	9.00	1.00 
 13 	7 	757 	4 	165.00	5	285.00	20.00	3.00	3.50 
 14 	4 	757 	4 	210.00	2	370.00	18.00	5.00	4.67 
 15 	5 	757 	3 	225.00	4	345.00	11.00	12.00	3.50 
 16 	2 	737 	2 	260.00	7	385.00	7.00	8.00	1.67 
 17 	3 	737 	6 	285.00	7	405.00	0.00	15.00	1.60 
 18 	6 	757 	1 	290.00	2	335.00	10.00	13.00	1.31 
 19 	1 	737 	4 	315.00	3	435.00	7.00	8.00	1.60 
 20 	7 	757 	5 	330.00	1	465.00	12.00	11.00	3.93 
 21 	6 	757 	2 	380.00	5	530.00	12.00	11.00	4.68 
 22 	5 	757 	4 	390.00	7	470.00	4.00	19.00	2.33 
 23 	4 	757 	2 	415.00	6	480.00	6.00	17.00	1.90 
 24 	2 	737 	7 	430.00	4	510.00	5.00	10.00	1.07 
 25 	3 	737 	7 	450.00	2	575.00	2.00	13.00	1.67 
 26 	1 	737 	3 	480.00	1	585.00	0.00	15.00	1.40 
 27 	7 	757 	1 	510.00	1	510.00	0.00	0.00	0.00 
 28 	4 	757 	6 	525.00	6	525.00	0.00	0.00	0.00 
 29 	2 	737 	4 	555.00	4	555.00	0.00	0.00	0.00 
 30 	6 	757 	5 	575.00	5	575.00	0.00	0.00	0.00 

 Extra Carried demand detail -
 [ Flight Ac	Extra_Cargo for Destination ]
 [   4	  4	2.00		2	 ]
 [   6	  6	2.00		1	 ]
 [   8	  5	4.00		4	 ]
 [   9	  2	4.00		7	 ]
 [   10	  6	8.00		5	 ]
 [   13	  7	10.00		1	 ]
 [   14	  4	4.00		6	 ]
 [   16	  2	1.00		4	 ]
 [   18	  6	2.00		5	 ]


 --------------------------------------------------------------------------
 Aircraft Schedule
 --------------------------------------------------------------------------


 For Aircraft 1)
 --------------
 Flight Type Source Takeoff    Destination Landing Payload	Empty	Cost
 1	737	1	0.00   	3	   105.00    8.00   	7.00   	1.40    
 11	737	3	150.00 	4	   270.00    15.00  	0.00   	1.60    
 19	737	4	315.00 	3	   435.00    7.00   	8.00   	1.60    
 26	737	3	480.00 	1	   585.00    0.00   	15.00  	1.40    
 Utilization [%] = 75.000
 ------------------------------


 For Aircraft 2)
 --------------
 Flight Type Source Takeoff    Destination Landing Payload	Empty	Cost
 2	737	6	0.00   	3	   75.00     4.00   	11.00  	1.00    
 9	737	3	120.00 	2	   215.00    14.00  	1.00   	1.26    
 16	737	2	260.00 	7	   385.00    7.00   	8.00   	1.67    
 24	737	7	430.00 	4	   510.00    5.00   	10.00  	1.07    
 29	737	4	555.00 	4	   555.00    0.00   	0.00   	0.00    
 Utilization [%] = 62.500

 Extra Carried demand detail -
 [ Flight	Extra_Cargo for 	Destination ]
 [   9		   4.00   		   7	    ]
 [   16		   1.00   		   4	    ]
 ------------------------------


 For Aircraft 3)
 --------------
 Flight Type Source Takeoff    Destination Landing Payload	Empty	Cost
 3	737	4	0.00   	3	   120.00    15.00  	0.00   	1.60    
 12	737	3	165.00 	6	   240.00    6.00   	9.00   	1.00    
 17	737	6	285.00 	7	   405.00    0.00   	15.00  	1.60    
 25	737	7	450.00 	2	   575.00    2.00   	13.00  	1.67    
 Utilization [%] = 73.333
 ------------------------------


 For Aircraft 4)
 --------------
 Flight Type Source Takeoff    Destination Landing Payload	Empty	Cost
 4	757	1	0.00   	4	   165.00    12.00  	11.00  	4.81    
 14	757	4	210.00 	2	   370.00    18.00  	5.00   	4.67    
 23	757	2	415.00 	6	   480.00    6.00   	17.00  	1.90    
 28	757	6	525.00 	6	   525.00    0.00   	0.00   	0.00    
 Utilization [%] = 65.000

 Extra Carried demand detail -
 [ Flight	Extra_Cargo for 	Destination ]
 [   4		   2.00   		   2	    ]
 [   14		   4.00   		   6	    ]
 ------------------------------


 For Aircraft 5)
 --------------
 Flight Type Source Takeoff    Destination Landing Payload	Empty	Cost
 5	757	1	0.00   	6	   60.00     2.00   	21.00  	1.75    
 8	757	6	105.00 	3	   180.00    4.00   	19.00  	2.19    
 15	757	3	225.00 	4	   345.00    11.00  	12.00  	3.50    
 22	757	4	390.00 	7	   470.00    4.00   	19.00  	2.33    
 Utilization [%] = 55.833

 Extra Carried demand detail -
 [ Flight	Extra_Cargo for 	Destination ]
 [   8		   4.00   		   4	    ]
 ------------------------------


 For Aircraft 6)
 --------------
 Flight Type Source Takeoff    Destination Landing Payload	Empty	Cost
 6	757	2	0.00   	3	   95.00     10.00  	13.00  	2.77    
 10	757	3	140.00 	1	   245.00    18.00  	5.00   	3.06    
 18	757	1	290.00 	2	   335.00    10.00  	13.00  	1.31    
 21	757	2	380.00 	5	   530.00    12.00  	11.00  	4.68    
 30	757	5	575.00 	5	   575.00    0.00   	0.00   	0.00    
 Utilization [%] = 65.833

 Extra Carried demand detail -
 [ Flight	Extra_Cargo for 	Destination ]
 [   6		   2.00   		   1	    ]
 [   10		   8.00   		   5	    ]
 [   18		   2.00   		   5	    ]
 ------------------------------


 For Aircraft 7)
 --------------
 Flight Type Source Takeoff    Destination Landing Payload	Empty	Cost
 7	757	5	0.00   	4	   120.00    10.00  	13.00  	3.50    
 13	757	4	165.00 	5	   285.00    20.00  	3.00   	3.50    
 20	757	5	330.00 	1	   465.00    12.00  	11.00  	3.93    
 27	757	1	510.00 	1	   510.00    0.00   	0.00   	0.00    
 Utilization [%] = 62.500

 Extra Carried demand detail -
 [ Flight	Extra_Cargo for 	Destination ]
 [   13		   10.00  		   1	    ]
 ------------------------------


 --------------------------------------------------------------------------
 Remaining Demand
 --------------------------------------------------------------------------

 0.00	 0.00	 0.00	 0.00	 0.00	 0.00	 0.00	
 0.00	 0.00	 0.00	 7.00	 0.00	 0.00	 0.00	
 0.00	 0.00	 0.00	 0.00	 0.00	 0.00	 0.00	
 0.00	 0.00	 0.00	 0.00	 0.00	 0.00	 0.00	
 0.00	 2.00	 2.00	 0.00	 0.00	 0.00	 0.00	
 0.00	 0.00	 0.00	 0.00	 0.00	 0.00	 0.00	
 0.00	 0.00	 2.00	 0.00	 0.00	 0.00	 0.00	

 --------------------------------------------------------------------------
 Remaining Demand = 13.00
 --------------------------------------------------------------------------


 --------------------------------------------------------------------------
 Frequency of operation between OD pairs
 --------------------------------------------------------------------------

 0	 1	 1	 1	 0	 1	 0	
 0	 0	 1	 0	 1	 1	 1	
 2	 1	 0	 2	 0	 1	 0	
 0	 1	 2	 0	 1	 0	 1	
 1	 0	 0	 1	 0	 0	 0	
 0	 0	 2	 0	 0	 0	 1	
 0	 1	 0	 1	 0	 0	 0	



 --------------------------------------------------------------------------
 Quality of Service between OD pairs
 --------------------------------------------------------------------------

 0.00	 1.00	 1.00	 1.00	 0.00	 1.00	 1.00	
 0.00	 0.00	 1.00	 0.00	 1.00	 1.00	 1.00	
 2.00	 1.00	 0.00	 2.00	 0.00	 1.00	 0.00	
 0.00	 1.00	 2.00	 0.00	 1.00	 0.00	 1.00	
 1.00	 0.00	 0.00	 1.00	 0.00	 1.00	 1.00	
 1.00	 1.00	 2.00	 0.00	 1.00	 0.00	 1.00	
 1.00	 1.00	 0.00	 1.00	 1.00	 1.00	 0.00	

 --------------------------------------------------------------------------ÿ